---
version:
  config: 1712269470
  puppet: 5.5.10
resources:
  changed: 3
  corrective_change: 0
  failed: 1
  failed_to_restart: 0
  out_of_sync: 4
  restarted: 0
  scheduled: 0
  skipped: 3
  total: 22
time:
  catalog_application: 0.09398545196745545
  config_retrieval: 0.19276028
  exec: 0.036800717
  file: 0.029044989
  filebucket: 6.7225e-05
  package: 0.000165371
  schedule: 0.000426366
  total: 0.094315047
  transaction_evaluation: 0.08896466391161084
  last_run: 1712269470
changes:
  total: 3
events:
  failure: 1
  success: 3
  total: 4
